[
  {
    "object_ids": [
      22,
      21,
      20,
      19,
      18,
      17,
      16,
      13,
      23,
      34,
      36,
      35,
      33,
      32,
      31,
      30,
      29,
      28,
      3
    ],
    "object_name": [
      "chair",
      "chair",
      "chair",
      "chair",
      "chair",
      "chair",
      "chair",
      "chair",
      "chair",
      "chair",
      "chair",
      "chair",
      "chair",
      "chair",
      "chair",
      "chair",
      "chair",
      "chair",
      "sofa"
    ],
    "description": "Which objects can be used to sit on?",
    "scene_id": "fb5a96b1a2",
    "question_type": "cs",
    "verb_obj_roberta_span": [
      [
        1,
        [
          0,
          0,
          0,
          0
        ]
      ]
    ],
    "camera_params": {
      "extrinsic": [
          [
              0.9409719234660662,
              0,
              -0.33848462187900324,
              0
          ],
          [
              -0.07118671983858325,
              0.9776347376579863,
              -0.1978958580744517,
              0
          ],
          [
              0.33091432451194197,
              0.21031005616565385,
              0.9199268395412783,
              0
          ],
          [
              0.3972652487589657,
              0.2524788762238832,
              1.1043794048185018,
              1
          ]
      ],
      "intrinsic": {
          "width": 801,
          "height": 610,
          "fx": 397.48373871656776,
          "fy": 397.48373871656776,
          "cx": 400.5,
          "cy": 305
      },
      "position": [
          0.3972652487589657,
          0.2524788762238832,
          1.1043794048185018
      ],
      "target": [
          0,
          0,
          0
      ],
      "direction": [
          -0.33091432451194197,
          -0.21031005616565385,
          -0.9199268395412783
      ],
      "up": [
          0,
          1,
          0
      ],
      "view_description": "test"
  }
  },
  {
    "object_ids": [
      84,
      85
    ],
    "object_name": [
      "bottle",
      "bottle spray"
    ],
    "description": "What objects can hold drinks?",
    "scene_id": "fb5a96b1a2",
    "question_type": "cs",
    "verb_obj_roberta_span": [
      [
        1,
        [
          4,
          5,
          5,
          6
        ]
      ]
    ],
    "camera_params": {
        "extrinsic": [
            [
                0.9511320600529908,
                -1.3877787807814457e-17,
                -0.3087843978237145,
                0
            ],
            [
                0.18137625544083452,
                0.8093054530011394,
                0.5586835756534119,
                0
            ],
            [
                0.2499008969604053,
                -0.5873880180448188,
                0.7697563627250927,
                0
            ],
            [
                0.30000799192505595,
                -0.7051639346552061,
                0.9240985665180683,
                1
            ]
        ],
        "intrinsic": {
            "width": 801,
            "height": 610,
            "fx": 397.48373871656776,
            "fy": 397.48373871656776,
            "cx": 400.5,
            "cy": 305
        },
        "position": [
            0.30000799192505595,
            -0.7051639346552061,
            0.9240985665180683
        ],
        "target": [
            0,
            0,
            0
        ],
        "direction": [
            -0.2499008969604053,
            0.5873880180448188,
            -0.7697563627250927
        ],
        "up": [
            0,
            1,
            0
        ],
        "view_description": "22222"
    }
  },
  {
    "object_ids": [
      58,
      56,
      67,
      46,
      80,
      77,
      42,
      88,
      70,
      45,
      74,
      73
    ],
    "object_name": [
      "blackboard",
      "book",
      "books",
      "books",
      "books",
      "books",
      "bookshelf",
      "mouse",
      "telephone",
      "whiteboard",
      "whiteboard",
      "whiteboard"
    ],
    "description": "Which objects are typically found in an office?",
    "scene_id": "fb5a96b1a2",
    "question_type": "cs",
    "verb_obj_roberta_span": [
      [
        1,
        [
          5,
          6,
          8,
          9
        ]
      ]
    ],
    "camera_params": {
        "extrinsic": [
            [
                0.750482884225871,
                -1.1102230246251565e-16,
                -0.6608898852940768,
                0
            ],
            [
                0.6541922910425617,
                0.14200602064908352,
                0.7428773360655824,
                0
            ],
            [
                0.09385034269784098,
                -0.9898657939839178,
                0.10657308795416287,
                0
            ],
            [
                0.11266807441158834,
                -1.188341669599803,
                0.12794183013855495,
                1
            ]
        ],
        "intrinsic": {
            "width": 801,
            "height": 610,
            "fx": 397.48373871656776,
            "fy": 397.48373871656776,
            "cx": 400.5,
            "cy": 305
        },
        "position": [
            0.11266807441158834,
            -1.188341669599803,
            0.12794183013855495
        ],
        "target": [
            0,
            0,
            0
        ],
        "direction": [
            -0.09385034269784101,
            0.989865793983918,
            -0.1065730879541629
        ],
        "up": [
            0,
            1,
            0
        ],
        "view_description": "他吞吞吐吐"
    }
  }
]